
P(x) = 1.0*x**2 - 6.0*x + 8.0

P(x) = 1.0*x**3 - 3.0*x**2 + 2.0*x

P(x) = 10.1250000000001*x**2 - 40.5250000000028*x + 50.5300000000075
